"rid", "binaryID"
0,1
1,10
869,11
2,100
864,110
3,1000
865,1100
4,10000
866,11000
867,11001
5,100000
868,110000
6,1000000
886,1000001
7,10000000
738,10000001
384,10000010
8,100000000
737,100000001
390,100000010
383,100000100
732,100000101
9,1000000000
744,1000000001
386,1000000010
393,1000000100
739,1000000101
733,1000001010
735,1000001011
10,10000000000
392,10000000010
394,10000001000
400,10000001001
740,10000001010
11,100000000000
346,100000000001
883,100000010010
12,1000000000000
410,1000000000001
347,1000000000010
406,1000000000011
405,1000000100100
13,10000000000000
348,10000000000100
753,10000000000101
14,100000000000000
760,100000000000001
349,100000000001000
412,100000000001001
754,100000000001010
757,100000000001011
15,1000000000000000
763,1000000000000001
415,1000000000000010
350,1000000000010000
414,1000000000010001
411,1000000000010010
413,1000000000010011
755,1000000000010100
756,1000000000010101
16,10000000000000000
767,10000000000000001
419,10000000000000010
407,10000000000000100
408,10000000000000101
351,10000000000100000
421,10000000000100001
752,10000000000100010
746,10000000000100100
743,10000000000100110
17,100000000000000000
770,100000000000000001
435,100000000000000010
762,100000000000000100
748,100000000000001000
749,100000000000001010
352,100000000001000000
409,100000000001000001
420,100000000001000010
764,100000000001000011
750,100000000001000100
751,100000000001000101
395,100000000001001000
18,1000000000000000000
357,1000000000000000001
450,1000000000000000010
432,1000000000000000100
353,1000000000010000000
399,1000000000010000001
734,1000000000010000010
417,1000000000010000100
418,1000000000010000101
403,1000000000010001000
404,1000000000010001010
745,1000000000010010000
19,10000000000000000000
358,10000000000000000010
452,10000000000000000100
472,10000000000000000101
354,10000000000100000000
758,10000000000100001000
761,10000000000100001010
401,10000000000100010000
402,10000000000100010001
747,10000000000100010100
391,10000000000100100000
20,100000000000000000000
359,100000000000000000100
462,100000000000000000101
455,100000000000000001000
780,100000000000000001010
355,100000000001000000000
416,100000000001000010100
741,100000000001000100000
397,100000000001000100010
398,100000000001000100011
396,100000000001000101000
742,100000000001001000000
21,1000000000000000000000
360,1000000000000000001000
861,1000000000000000001001
771,1000000000000000001010
773,1000000000000000010000
473,1000000000000000010100
356,1000000000010000000000
759,1000000000010000101000
389,1000000000010001000000
387,1000000000010001000110
388,1000000000010001000111
22,10000000000000000000000
361,10000000000000000010000
736,10000000000100010001100
731,10000000000100010001110
23,100000000000000000000000
362,100000000000000000100000
439,100000000000000000100001
385,100000000001000100011000
24,1000000000000000000000000
363,1000000000000000001000000
433,1000000000000000001000001
768,1000000000000000001000010
25,10000000000000000000000000
364,10000000000000000010000000
434,10000000000000000010000001
765,10000000000000000010000010
436,10000000000000000010000100
26,100000000000000000000000000
774,100000000000000000000000001
438,100000000000000000100000000
440,100000000000000000100000001
766,100000000000000000100000010
27,1000000000000000000000000000
289,1000000000000000000000000001
465,1000000000000000000000000010
769,1000000000000000001000000000
28,10000000000000000000000000000
784,10000000000000000000000000001
290,10000000000000000000000000010
887,10000000000000000000000000100
29,100000000000000000000000000000
270,100000000000000000000000000001
485,100000000000000000000000000010
291,100000000000000000000000000100
481,100000000000000000000000000101
775,100000000000000000000000001000
777,100000000000000000000000001001
30,1000000000000000000000000000000
376,1000000000000000000000000000001
271,1000000000000000000000000000010
788,1000000000000000000000000000100
292,1000000000000000000000000001000
783,1000000000000000000000000001010
466,1000000000000000000000000010000
31,10000000000000000000000000000000
377,10000000000000000000000000000010
272,10000000000000000000000000000100
502,10000000000000000000000000000101
487,10000000000000000000000000001000
293,10000000000000000000000000010000
486,10000000000000000000000000010100
778,10000000000000000000000000100000
32,100000000000000000000000000000000
378,100000000000000000000000000000100
513,100000000000000000000000000000101
273,100000000000000000000000000001000
504,100000000000000000000000000001001
871,100000000000000000000000000001010
294,100000000000000000000000000100000
787,100000000000000000000000000101000
33,1000000000000000000000000000000000
48,1000000000000000000000000000000001
379,1000000000000000000000000000001000
515,1000000000000000000000000000001001
523,1000000000000000000000000000001010
531,1000000000000000000000000000001011
274,1000000000000000000000000000010000
507,1000000000000000000000000000010100
295,1000000000000000000000000001000000
34,10000000000000000000000000000000000
49,10000000000000000000000000000000010
876,10000000000000000000000000000000011
380,10000000000000000000000000000010000
488,10000000000000000000000000000010001
275,10000000000000000000000000000100000
875,10000000000000000000000000000101000
296,10000000000000000000000000010000000
35,100000000000000000000000000000000000
570,100000000000000000000000000000000001
50,100000000000000000000000000000000100
519,100000000000000000000000000000000110
381,100000000000000000000000000000100000
276,100000000000000000000000000001000000
283,100000000000000000000000000001000001
297,100000000000000000000000000100000000
36,1000000000000000000000000000000000000
587,1000000000000000000000000000000000001
819,1000000000000000000000000000000000010
51,1000000000000000000000000000000001000
382,1000000000000000000000000000001000000
277,1000000000000000000000000000010000000
284,1000000000000000000000000000010000010
298,1000000000000000000000000001000000000
478,1000000000000000000000000001000000001
37,10000000000000000000000000000000000000
598,10000000000000000000000000000000000001
52,10000000000000000000000000000000010000
877,10000000000000000000000000000000010001
278,10000000000000000000000000000100000000
782,10000000000000000000000000000100000001
285,10000000000000000000000000000100000100
299,10000000000000000000000000010000000000
781,10000000000000000000000000010000000010
38,100000000000000000000000000000000000000
610,100000000000000000000000000000000000001
53,100000000000000000000000000000000100000
252,100000000000000000000000000000000100001
529,100000000000000000000000000000000100010
279,100000000000000000000000000001000000000
484,100000000000000000000000000001000000010
286,100000000000000000000000000001000001000
300,100000000000000000000000000100000000000
39,1000000000000000000000000000000000000000
597,1000000000000000000000000000000000000001
54,1000000000000000000000000000000001000000
253,1000000000000000000000000000000001000010
280,1000000000000000000000000000010000000000
789,1000000000000000000000000000010000000100
287,1000000000000000000000000000010000010000
301,1000000000000000000000000001000000000000
40,10000000000000000000000000000000000000000
615,10000000000000000000000000000000000000001
863,10000000000000000000000000000000000000010
55,10000000000000000000000000000000010000000
254,10000000000000000000000000000000010000100
530,10000000000000000000000000000000010000101
281,10000000000000000000000000000100000000000
288,10000000000000000000000000000100000100000
468,10000000000000000000000000000100000100001
302,10000000000000000000000000010000000000000
41,100000000000000000000000000000000000000000
628,100000000000000000000000000000000000000001
830,100000000000000000000000000000000000000100
56,100000000000000000000000000000000100000000
365,100000000000000000000000000000000100000001
255,100000000000000000000000000000000100001000
522,100000000000000000000000000000000100001001
282,100000000000000000000000000001000000000000
776,100000000000000000000000000001000001000010
303,100000000000000000000000000100000000000000
457,100000000000000000000000000100000000000001
42,1000000000000000000000000000000000000000000
632,1000000000000000000000000000000000000000001
634,1000000000000000000000000000000000000000010
646,1000000000000000000000000000000000000000011
862,1000000000000000000000000000000000000001000
57,1000000000000000000000000000000001000000000
366,1000000000000000000000000000000001000000010
256,1000000000000000000000000000000001000010000
491,1000000000000000000000000000000001000010001
797,1000000000000000000000000000000001000010010
304,1000000000000000000000000001000000000000000
331,1000000000000000000000000001000000000000001
43,10000000000000000000000000000000000000000000
647,10000000000000000000000000000000000000000001
631,10000000000000000000000000000000000000000010
637,10000000000000000000000000000000000000000011
651,10000000000000000000000000000000000000000100
653,10000000000000000000000000000000000000000101
596,10000000000000000000000000000000000000010000
58,10000000000000000000000000000000010000000000
567,10000000000000000000000000000000010000000001
367,10000000000000000000000000000000010000000100
558,10000000000000000000000000000000010000000101
257,10000000000000000000000000000000010000100000
267,10000000000000000000000000000000010000100001
872,10000000000000000000000000000000010000100010
510,10000000000000000000000000000000010000100100
305,10000000000000000000000000010000000000000000
314,10000000000000000000000000010000000000000001
332,10000000000000000000000000010000000000000010
44,100000000000000000000000000000000000000000000
667,100000000000000000000000000000000000000000001
635,100000000000000000000000000000000000000000110
639,100000000000000000000000000000000000000000111
658,100000000000000000000000000000000000000001000
661,100000000000000000000000000000000000000001010
829,100000000000000000000000000000000000000100000
59,100000000000000000000000000000000100000000000
815,100000000000000000000000000000000100000000010
368,100000000000000000000000000000000100000001000
573,100000000000000000000000000000000100000001001
557,100000000000000000000000000000000100000001010
258,100000000000000000000000000000000100001000000
268,100000000000000000000000000000000100001000010
474,100000000000000000000000000000000100001000011
796,100000000000000000000000000000000100001001000
306,100000000000000000000000000100000000000000000
460,100000000000000000000000000100000000000000001
315,100000000000000000000000000100000000000000010
370,100000000000000000000000000100000000000000011
333,100000000000000000000000000100000000000000100
45,1000000000000000000000000000000000000000000000
664,1000000000000000000000000000000000000000000001
60,1000000000000000000000000000000001000000000000
566,1000000000000000000000000000000001000000000100
369,1000000000000000000000000000000001000000010000
574,1000000000000000000000000000000001000000010010
594,1000000000000000000000000000000001000000010011
259,1000000000000000000000000000000001000010000000
269,1000000000000000000000000000000001000010000100
471,1000000000000000000000000000000001000010000101
508,1000000000000000000000000000000001000010010000
307,1000000000000000000000000001000000000000000000
458,1000000000000000000000000001000000000000000001
459,1000000000000000000000000001000000000000000010
461,1000000000000000000000000001000000000000000011
316,1000000000000000000000000001000000000000000100
371,1000000000000000000000000001000000000000000110
334,1000000000000000000000000001000000000000001000
46,10000000000000000000000000000000000000000000000
676,10000000000000000000000000000000000000000000001
61,10000000000000000000000000000000010000000000000
96,10000000000000000000000000000000010000000000001
260,10000000000000000000000000000000010000100000000
795,10000000000000000000000000000000010000100100000
308,10000000000000000000000000010000000000000000000
453,10000000000000000000000000010000000000000000010
454,10000000000000000000000000010000000000000000011
870,10000000000000000000000000010000000000000000110
317,10000000000000000000000000010000000000000001000
443,10000000000000000000000000010000000000000001001
372,10000000000000000000000000010000000000000001100
428,10000000000000000000000000010000000000000001101
335,10000000000000000000000000010000000000000010000
47,100000000000000000000000000000000000000000000000
682,100000000000000000000000000000000000000000000001
62,100000000000000000000000000000000100000000000000
620,100000000000000000000000000000000100000000000001
97,100000000000000000000000000000000100000000000010
261,100000000000000000000000000000000100001000000000
503,100000000000000000000000000000000100001001000000
309,100000000000000000000000000100000000000000000000
456,100000000000000000000000000100000000000000000100
451,100000000000000000000000000100000000000000000110
463,100000000000000000000000000100000000000000001100
318,100000000000000000000000000100000000000000010000
441,100000000000000000000000000100000000000000010001
373,100000000000000000000000000100000000000000011000
336,100000000000000000000000000100000000000000100000
63,1000000000000000000000000000000001000000000000000
657,1000000000000000000000000000000001000000000000001
621,1000000000000000000000000000000001000000000000010
624,1000000000000000000000000000000001000000000000011
98,1000000000000000000000000000000001000000000000100
262,1000000000000000000000000000000001000010000000000
793,1000000000000000000000000000000001000010010000000
310,1000000000000000000000000001000000000000000000000
448,1000000000000000000000000001000000000000000001000
449,1000000000000000000000000001000000000000000001001
884,1000000000000000000000000001000000000000000001100
319,1000000000000000000000000001000000000000000100000
431,1000000000000000000000000001000000000000000100001
374,1000000000000000000000000001000000000000000110000
337,1000000000000000000000000001000000000000001000000
64,10000000000000000000000000000000010000000000000000
665,10000000000000000000000000000000010000000000000010
669,10000000000000000000000000000000010000000000000011
640,10000000000000000000000000000000010000000000000100
627,10000000000000000000000000000000010000000000000110
99,10000000000000000000000000000000010000000000001000
263,10000000000000000000000000000000010000100000000000
311,10000000000000000000000000010000000000000000000000
772,10000000000000000000000000010000000000000000000001
442,10000000000000000000000000010000000000000000011000
320,10000000000000000000000000010000000000000001000000
429,10000000000000000000000000010000000000000001000001
375,10000000000000000000000000010000000000000001100000
338,10000000000000000000000000010000000000000010000000
65,100000000000000000000000000000000100000000000000000
645,100000000000000000000000000000000100000000000001100
652,100000000000000000000000000000000100000000000001101
100,100000000000000000000000000000000100000000000010000
198,100000000000000000000000000000000100000000000010001
264,100000000000000000000000000000000100001000000000000
312,100000000000000000000000000100000000000000000000000
464,100000000000000000000000000100000000000000000000010
321,100000000000000000000000000100000000000000010000000
427,100000000000000000000000000100000000000000010000001
339,100000000000000000000000000100000000000000100000000
66,1000000000000000000000000000000001000000000000000000
668,1000000000000000000000000000000001000000000000000001
101,1000000000000000000000000000000001000000000000100000
199,1000000000000000000000000000000001000000000000100010
265,1000000000000000000000000000000001000010000000000000
313,1000000000000000000000000001000000000000000000000000
467,1000000000000000000000000001000000000000000000000001
469,1000000000000000000000000001000000000000000000000100
470,1000000000000000000000000001000000000000000000000101
322,1000000000000000000000000001000000000000000100000000
422,1000000000000000000000000001000000000000000100000010
423,1000000000000000000000000001000000000000000100000011
340,1000000000000000000000000001000000000000001000000000
67,10000000000000000000000000000000010000000000000000000
102,10000000000000000000000000000000010000000000001000000
595,10000000000000000000000000000000010000000000001000001
200,10000000000000000000000000000000010000000000001000100
266,10000000000000000000000000000000010000100000000000000
323,10000000000000000000000000010000000000000001000000000
437,10000000000000000000000000010000000000000001000000001
341,10000000000000000000000000010000000000000010000000000
68,100000000000000000000000000000000100000000000000000000
103,100000000000000000000000000000000100000000000010000000
201,100000000000000000000000000000000100000000000010001000
576,100000000000000000000000000000000100000000000010001001
324,100000000000000000000000000100000000000000010000000000
426,100000000000000000000000000100000000000000010000000001
342,100000000000000000000000000100000000000000100000000000
69,1000000000000000000000000000000001000000000000000000000
104,1000000000000000000000000000000001000000000000100000000
202,1000000000000000000000000000000001000000000000100010000
584,1000000000000000000000000000000001000000000000100010001
553,1000000000000000000000000000000001000000000000100010010
554,1000000000000000000000000000000001000000000000100010011
325,1000000000000000000000000001000000000000000100000000000
446,1000000000000000000000000001000000000000000100000000001
424,1000000000000000000000000001000000000000000100000000010
343,1000000000000000000000000001000000000000001000000000000
70,10000000000000000000000000000000010000000000000000000000
105,10000000000000000000000000000000010000000000001000000000
636,10000000000000000000000000000000010000000000001000000001
203,10000000000000000000000000000000010000000000001000100000
568,10000000000000000000000000000000010000000000001000100001
537,10000000000000000000000000000000010000000000001000100100
538,10000000000000000000000000000000010000000000001000100101
874,10000000000000000000000000000000010000000000001000100110
326,10000000000000000000000000010000000000000001000000000000
444,10000000000000000000000000010000000000000001000000000001
344,10000000000000000000000000010000000000000010000000000000
71,100000000000000000000000000000000100000000000000000000000
673,100000000000000000000000000000000100000000000000000000001
106,100000000000000000000000000000000100000000000010000000000
204,100000000000000000000000000000000100000000000010001000000
540,100000000000000000000000000000000100000000000010001000001
569,100000000000000000000000000000000100000000000010001000010
581,100000000000000000000000000000000100000000000010001000011
873,100000000000000000000000000000000100000000000010001001000
327,100000000000000000000000000100000000000000010000000000000
447,100000000000000000000000000100000000000000010000000000001
345,100000000000000000000000000100000000000000100000000000000
72,1000000000000000000000000000000001000000000000000000000000
675,1000000000000000000000000000000001000000000000000000000010
686,1000000000000000000000000000000001000000000000000000000011
107,1000000000000000000000000000000001000000000000100000000000
205,1000000000000000000000000000000001000000000000100010000000
209,1000000000000000000000000000000001000000000000100010000001
802,1000000000000000000000000000000001000000000000100010000010
586,1000000000000000000000000000000001000000000000100010000110
593,1000000000000000000000000000000001000000000000100010000111
328,1000000000000000000000000001000000000000000100000000000000
425,1000000000000000000000000001000000000000000100000000000001
73,10000000000000000000000000000000010000000000000000000000000
685,10000000000000000000000000000000010000000000000000000000100
689,10000000000000000000000000000000010000000000000000000000101
108,10000000000000000000000000000000010000000000001000000000000
660,10000000000000000000000000000000010000000000001000000000001
206,10000000000000000000000000000000010000000000001000100000000
210,10000000000000000000000000000000010000000000001000100000010
214,10000000000000000000000000000000010000000000001000100000011
541,10000000000000000000000000000000010000000000001000100000100
329,10000000000000000000000000010000000000000001000000000000000
430,10000000000000000000000000010000000000000001000000000000001
74,100000000000000000000000000000000100000000000000000000000000
694,100000000000000000000000000000000100000000000000000000000001
109,100000000000000000000000000000000100000000000010000000000000
629,100000000000000000000000000000000100000000000010000000000001
207,100000000000000000000000000000000100000000000010001000000000
798,100000000000000000000000000000000100000000000010001000000001
211,100000000000000000000000000000000100000000000010001000000100
511,100000000000000000000000000000000100000000000010001000000101
215,100000000000000000000000000000000100000000000010001000000110
493,100000000000000000000000000000000100000000000010001000000111
803,100000000000000000000000000000000100000000000010001000001000
330,100000000000000000000000000100000000000000010000000000000000
445,100000000000000000000000000100000000000000010000000000000001
75,1000000000000000000000000000000001000000000000000000000000000
699,1000000000000000000000000000000001000000000000000000000000001
110,1000000000000000000000000000000001000000000000100000000000000
622,1000000000000000000000000000000001000000000000100000000000001
208,1000000000000000000000000000000001000000000000100010000000000
799,1000000000000000000000000000000001000000000000100010000000001
524,1000000000000000000000000000000001000000000000100010000000010
212,1000000000000000000000000000000001000000000000100010000001000
216,1000000000000000000000000000000001000000000000100010000001100
247,1000000000000000000000000000000001000000000000100010000001101
547,1000000000000000000000000000000001000000000000100010000010000
76,10000000000000000000000000000000010000000000000000000000000000
707,10000000000000000000000000000000010000000000000000000000000001
111,10000000000000000000000000000000010000000000001000000000000000
115,10000000000000000000000000000000010000000000001000000000000001
539,10000000000000000000000000000000010000000000001000100000000000
532,10000000000000000000000000000000010000000000001000100000000010
213,10000000000000000000000000000000010000000000001000100000010000
794,10000000000000000000000000000000010000000000001000100000010001
217,10000000000000000000000000000000010000000000001000100000011000
494,10000000000000000000000000000000010000000000001000100000011001
248,10000000000000000000000000000000010000000000001000100000011010
811,10000000000000000000000000000000010000000000001000100000100000
77,100000000000000000000000000000000100000000000000000000000000000
687,100000000000000000000000000000000100000000000000000000000000001
112,100000000000000000000000000000000100000000000010000000000000000
116,100000000000000000000000000000000100000000000010000000000000010
611,100000000000000000000000000000000100000000000010000000000000011
536,100000000000000000000000000000000100000000000010001000000000100
543,100000000000000000000000000000000100000000000010001000000000101
514,100000000000000000000000000000000100000000000010001000000100000
500,100000000000000000000000000000000100000000000010001000000100010
218,100000000000000000000000000000000100000000000010001000000110000
476,100000000000000000000000000000000100000000000010001000000110001
249,100000000000000000000000000000000100000000000010001000000110100
78,1000000000000000000000000000000001000000000000000000000000000000
688,1000000000000000000000000000000001000000000000000000000000000001
113,1000000000000000000000000000000001000000000000100000000000000000
117,1000000000000000000000000000000001000000000000100000000000000100
644,1000000000000000000000000000000001000000000000100000000000000101
804,1000000000000000000000000000000001000000000000100010000000001000
806,1000000000000000000000000000000001000000000000100010000000001010
517,1000000000000000000000000000000001000000000000100010000001000000
518,1000000000000000000000000000000001000000000000100010000001000001
219,1000000000000000000000000000000001000000000000100010000001100000
234,1000000000000000000000000000000001000000000000100010000001100001
250,1000000000000000000000000000000001000000000000100010000001101000
79,10000000000000000000000000000000010000000000000000000000000000000
690,10000000000000000000000000000000010000000000000000000000000000001
114,10000000000000000000000000000000010000000000001000000000000000000
118,10000000000000000000000000000000010000000000001000000000000001000
601,10000000000000000000000000000000010000000000001000000000000001001
880,10000000000000000000000000000000010000000000001000000000000001010
220,10000000000000000000000000000000010000000000001000100000011000000
224,10000000000000000000000000000000010000000000001000100000011000001
235,10000000000000000000000000000000010000000000001000100000011000010
479,10000000000000000000000000000000010000000000001000100000011000011
251,10000000000000000000000000000000010000000000001000100000011010000
80,100000000000000000000000000000000100000000000000000000000000000000
715,100000000000000000000000000000000100000000000000000000000000000001
119,100000000000000000000000000000000100000000000010000000000000010000
129,100000000000000000000000000000000100000000000010000000000000010001
599,100000000000000000000000000000000100000000000010000000000000010010
600,100000000000000000000000000000000100000000000010000000000000010011
649,100000000000000000000000000000000100000000000010000000000000010100
221,100000000000000000000000000000000100000000000010001000000110000000
225,100000000000000000000000000000000100000000000010001000000110000010
489,100000000000000000000000000000000100000000000010001000000110000011
236,100000000000000000000000000000000100000000000010001000000110000100
477,100000000000000000000000000000000100000000000010001000000110000101
81,1000000000000000000000000000000001000000000000000000000000000000000
711,1000000000000000000000000000000001000000000000000000000000000000001
120,1000000000000000000000000000000001000000000000100000000000000100000
633,1000000000000000000000000000000001000000000000100000000000000100001
130,1000000000000000000000000000000001000000000000100000000000000100010
583,1000000000000000000000000000000001000000000000100000000000000100011
589,1000000000000000000000000000000001000000000000100000000000000100110
590,1000000000000000000000000000000001000000000000100000000000000100111
222,1000000000000000000000000000000001000000000000100010000001100000000
226,1000000000000000000000000000000001000000000000100010000001100000100
791,1000000000000000000000000000000001000000000000100010000001100000110
237,1000000000000000000000000000000001000000000000100010000001100001000
243,1000000000000000000000000000000001000000000000100010000001100001001
779,1000000000000000000000000000000001000000000000100010000001100001010
82,10000000000000000000000000000000010000000000000000000000000000000000
716,10000000000000000000000000000000010000000000000000000000000000000001
121,10000000000000000000000000000000010000000000001000000000000001000000
643,10000000000000000000000000000000010000000000001000000000000001000001
131,10000000000000000000000000000000010000000000001000000000000001000100
575,10000000000000000000000000000000010000000000001000000000000001000101
223,10000000000000000000000000000000010000000000001000100000011000000000
227,10000000000000000000000000000000010000000000001000100000011000001000
490,10000000000000000000000000000000010000000000001000100000011000001100
238,10000000000000000000000000000000010000000000001000100000011000010000
496,10000000000000000000000000000000010000000000001000100000011000010001
244,10000000000000000000000000000000010000000000001000100000011000010010
480,10000000000000000000000000000000010000000000001000100000011000010011
475,10000000000000000000000000000000010000000000001000100000011000010100
83,100000000000000000000000000000000100000000000000000000000000000000000
705,100000000000000000000000000000000100000000000000000000000000000000001
718,100000000000000000000000000000000100000000000000000000000000000000010
721,100000000000000000000000000000000100000000000000000000000000000000011
122,100000000000000000000000000000000100000000000010000000000000010000000
663,100000000000000000000000000000000100000000000010000000000000010000001
132,100000000000000000000000000000000100000000000010000000000000010001000
572,100000000000000000000000000000000100000000000010000000000000010001001
228,100000000000000000000000000000000100000000000010001000000110000010000
495,100000000000000000000000000000000100000000000010001000000110000011000
497,100000000000000000000000000000000100000000000010001000000110000011001
239,100000000000000000000000000000000100000000000010001000000110000100000
498,100000000000000000000000000000000100000000000010001000000110000100001
245,100000000000000000000000000000000100000000000010001000000110000100100
482,100000000000000000000000000000000100000000000010001000000110000100101
84,1000000000000000000000000000000001000000000000000000000000000000000000
723,1000000000000000000000000000000001000000000000000000000000000000000001
700,1000000000000000000000000000000001000000000000000000000000000000000010
703,1000000000000000000000000000000001000000000000000000000000000000000011
123,1000000000000000000000000000000001000000000000100000000000000100000000
650,1000000000000000000000000000000001000000000000100000000000000100000001
133,1000000000000000000000000000000001000000000000100000000000000100010000
612,1000000000000000000000000000000001000000000000100000000000000100010001
559,1000000000000000000000000000000001000000000000100000000000000100010010
560,1000000000000000000000000000000001000000000000100000000000000100010011
229,1000000000000000000000000000000001000000000000100010000001100000100000
792,1000000000000000000000000000000001000000000000100010000001100000110010
240,1000000000000000000000000000000001000000000000100010000001100001000000
492,1000000000000000000000000000000001000000000000100010000001100001000001
246,1000000000000000000000000000000001000000000000100010000001100001001000
785,1000000000000000000000000000000001000000000000100010000001100001001010
85,10000000000000000000000000000000010000000000000000000000000000000000000
724,10000000000000000000000000000000010000000000000000000000000000000000001
852,10000000000000000000000000000000010000000000000000000000000000000000100
855,10000000000000000000000000000000010000000000000000000000000000000000110
124,10000000000000000000000000000000010000000000001000000000000001000000000
674,10000000000000000000000000000000010000000000001000000000000001000000001
134,10000000000000000000000000000000010000000000001000000000000001000100000
182,10000000000000000000000000000000010000000000001000000000000001000100001
881,10000000000000000000000000000000010000000000001000000000000001000100010
230,10000000000000000000000000000000010000000000001000100000011000001000000
241,10000000000000000000000000000000010000000000001000100000011000010000000
505,10000000000000000000000000000000010000000000001000100000011000010000001
790,10000000000000000000000000000000010000000000001000100000011000010000010
483,10000000000000000000000000000000010000000000001000100000011000010010100
86,100000000000000000000000000000000100000000000000000000000000000000000000
726,100000000000000000000000000000000100000000000000000000000000000000000001
125,100000000000000000000000000000000100000000000010000000000000010000000000
679,100000000000000000000000000000000100000000000010000000000000010000000001
677,100000000000000000000000000000000100000000000010000000000000010000000010
684,100000000000000000000000000000000100000000000010000000000000010000000011
135,100000000000000000000000000000000100000000000010000000000000010001000000
603,100000000000000000000000000000000100000000000010000000000000010001000001
183,100000000000000000000000000000000100000000000010000000000000010001000010
195,100000000000000000000000000000000100000000000010000000000000010001000011
618,100000000000000000000000000000000100000000000010000000000000010001000100
231,100000000000000000000000000000000100000000000010001000000110000010000000
242,100000000000000000000000000000000100000000000010001000000110000100000000
499,100000000000000000000000000000000100000000000010001000000110000100000001
506,100000000000000000000000000000000100000000000010001000000110000100000010
509,100000000000000000000000000000000100000000000010001000000110000100000011
786,100000000000000000000000000000000100000000000010001000000110000100101000
87,1000000000000000000000000000000001000000000000000000000000000000000000000
725,1000000000000000000000000000000001000000000000000000000000000000000000001
126,1000000000000000000000000000000001000000000000100000000000000100000000000
693,1000000000000000000000000000000001000000000000100000000000000100000000001
671,1000000000000000000000000000000001000000000000100000000000000100000000010
680,1000000000000000000000000000000001000000000000100000000000000100000000011
845,1000000000000000000000000000000001000000000000100000000000000100000000100
846,1000000000000000000000000000000001000000000000100000000000000100000000110
136,1000000000000000000000000000000001000000000000100000000000000100010000000
602,1000000000000000000000000000000001000000000000100000000000000100010000001
184,1000000000000000000000000000000001000000000000100000000000000100010000100
544,1000000000000000000000000000000001000000000000100000000000000100010000101
196,1000000000000000000000000000000001000000000000100000000000000100010000110
232,1000000000000000000000000000000001000000000000100010000001100000100000000
501,1000000000000000000000000000000001000000000000100010000001100000100000001
879,1000000000000000000000000000000001000000000000100010000001100001000000110
88,10000000000000000000000000000000010000000000000000000000000000000000000000
720,10000000000000000000000000000000010000000000000000000000000000000000000001
728,10000000000000000000000000000000010000000000000000000000000000000000000010
730,10000000000000000000000000000000010000000000000000000000000000000000000011
127,10000000000000000000000000000000010000000000001000000000000001000000000000
691,10000000000000000000000000000000010000000000001000000000000001000000000001
695,10000000000000000000000000000000010000000000001000000000000001000000000010
698,10000000000000000000000000000000010000000000001000000000000001000000000011
843,10000000000000000000000000000000010000000000001000000000000001000000000100
844,10000000000000000000000000000000010000000000001000000000000001000000000110
137,10000000000000000000000000000000010000000000001000000000000001000100000000
145,10000000000000000000000000000000010000000000001000000000000001000100000001
822,10000000000000000000000000000000010000000000001000000000000001000100000010
185,10000000000000000000000000000000010000000000001000000000000001000100001000
550,10000000000000000000000000000000010000000000001000000000000001000100001001
546,10000000000000000000000000000000010000000000001000000000000001000100001010
197,10000000000000000000000000000000010000000000001000000000000001000100001100
233,10000000000000000000000000000000010000000000001000100000011000001000000000
512,10000000000000000000000000000000010000000000001000100000011000001000000001
89,100000000000000000000000000000000100000000000000000000000000000000000000000
719,100000000000000000000000000000000100000000000000000000000000000000000000001
713,100000000000000000000000000000000100000000000000000000000000000000000000010
714,100000000000000000000000000000000100000000000000000000000000000000000000011
128,100000000000000000000000000000000100000000000010000000000000010000000000000
692,100000000000000000000000000000000100000000000010000000000000010000000000001
851,100000000000000000000000000000000100000000000010000000000000010000000000010
849,100000000000000000000000000000000100000000000010000000000000010000000000100
853,100000000000000000000000000000000100000000000010000000000000010000000000110
138,100000000000000000000000000000000100000000000010000000000000010001000000000
619,100000000000000000000000000000000100000000000010000000000000010001000000001
146,100000000000000000000000000000000100000000000010000000000000010001000000010
174,100000000000000000000000000000000100000000000010000000000000010001000000011
579,100000000000000000000000000000000100000000000010000000000000010001000000100
186,100000000000000000000000000000000100000000000010000000000000010001000010000
527,100000000000000000000000000000000100000000000010000000000000010001000010001
809,100000000000000000000000000000000100000000000010000000000000010001000010010
90,1000000000000000000000000000000001000000000000000000000000000000000000000000
729,1000000000000000000000000000000001000000000000000000000000000000000000000001
857,1000000000000000000000000000000001000000000000000000000000000000000000000100
860,1000000000000000000000000000000001000000000000000000000000000000000000000110
847,1000000000000000000000000000000001000000000000100000000000000100000000000000
848,1000000000000000000000000000000001000000000000100000000000000100000000000010
139,1000000000000000000000000000000001000000000000100000000000000100010000000000
834,1000000000000000000000000000000001000000000000100000000000000100010000000010
147,1000000000000000000000000000000001000000000000100000000000000100010000000100
655,1000000000000000000000000000000001000000000000100000000000000100010000000101
175,1000000000000000000000000000000001000000000000100000000000000100010000000110
609,1000000000000000000000000000000001000000000000100000000000000100010000000111
823,1000000000000000000000000000000001000000000000100000000000000100010000001000
187,1000000000000000000000000000000001000000000000100000000000000100010000100000
525,1000000000000000000000000000000001000000000000100000000000000100010000100001
878,1000000000000000000000000000000001000000000000100000000000000100010000100010
563,1000000000000000000000000000000001000000000000100000000000000100010000100100
91,10000000000000000000000000000000010000000000000000000000000000000000000000000
727,10000000000000000000000000000000010000000000000000000000000000000000000000001
710,10000000000000000000000000000000010000000000000000000000000000000000000001100
696,10000000000000000000000000000000010000000000001000000000000001000000000000100
140,10000000000000000000000000000000010000000000001000000000000001000100000000000
617,10000000000000000000000000000000010000000000001000000000000001000100000000100
148,10000000000000000000000000000000010000000000001000000000000001000100000001000
840,10000000000000000000000000000000010000000000001000000000000001000100000001010
176,10000000000000000000000000000000010000000000001000000000000001000100000001100
626,10000000000000000000000000000000010000000000001000000000000001000100000001101
831,10000000000000000000000000000000010000000000001000000000000001000100000001110
188,10000000000000000000000000000000010000000000001000000000000001000100001000000
526,10000000000000000000000000000000010000000000001000000000000001000100001000001
814,10000000000000000000000000000000010000000000001000000000000001000100001001000
92,100000000000000000000000000000000100000000000000000000000000000000000000000000
722,100000000000000000000000000000000100000000000000000000000000000000000000000001
856,100000000000000000000000000000000100000000000000000000000000000000000000011000
850,100000000000000000000000000000000100000000000010000000000000010000000000001000
141,100000000000000000000000000000000100000000000010000000000000010001000000000000
835,100000000000000000000000000000000100000000000010000000000000010001000000001000
149,100000000000000000000000000000000100000000000010000000000000010001000000010000
666,100000000000000000000000000000000100000000000010000000000000010001000000010001
654,100000000000000000000000000000000100000000000010000000000000010001000000010100
177,100000000000000000000000000000000100000000000010000000000000010001000000011000
616,100000000000000000000000000000000100000000000010000000000000010001000000011001
588,100000000000000000000000000000000100000000000010000000000000010001000000011100
189,100000000000000000000000000000000100000000000010000000000000010001000010000000
528,100000000000000000000000000000000100000000000010000000000000010001000010000001
93,1000000000000000000000000000000001000000000000000000000000000000000000000000000
717,1000000000000000000000000000000001000000000000000000000000000000000000000000001
697,1000000000000000000000000000000001000000000000100000000000000100000000000010000
142,1000000000000000000000000000000001000000000000100000000000000100010000000000000
838,1000000000000000000000000000000001000000000000100000000000000100010000000000001
623,1000000000000000000000000000000001000000000000100000000000000100010000000010000
150,1000000000000000000000000000000001000000000000100000000000000100010000000100000
152,1000000000000000000000000000000001000000000000100000000000000100010000000100001
841,1000000000000000000000000000000001000000000000100000000000000100010000000101000
178,1000000000000000000000000000000001000000000000100000000000000100010000000110000
625,1000000000000000000000000000000001000000000000100000000000000100010000000110001
828,1000000000000000000000000000000001000000000000100000000000000100010000000111000
190,1000000000000000000000000000000001000000000000100000000000000100010000100000000
534,1000000000000000000000000000000001000000000000100000000000000100010000100000001
520,1000000000000000000000000000000001000000000000100000000000000100010000100000010
521,1000000000000000000000000000000001000000000000100000000000000100010000100000011
94,10000000000000000000000000000000010000000000000000000000000000000000000000000000
712,10000000000000000000000000000000010000000000000000000000000000000000000000000001
854,10000000000000000000000000000000010000000000001000000000000001000000000000100000
143,10000000000000000000000000000000010000000000001000000000000001000100000000000000
638,10000000000000000000000000000000010000000000001000000000000001000100000000000010
836,10000000000000000000000000000000010000000000001000000000000001000100000000100000
151,10000000000000000000000000000000010000000000001000000000000001000100000001000000
153,10000000000000000000000000000000010000000000001000000000000001000100000001000010
179,10000000000000000000000000000000010000000000001000000000000001000100000001100000
591,10000000000000000000000000000000010000000000001000000000000001000100000001100001
837,10000000000000000000000000000000010000000000001000000000000001000100000001100010
191,10000000000000000000000000000000010000000000001000000000000001000100001000000000
533,10000000000000000000000000000000010000000000001000000000000001000100001000000001
885,10000000000000000000000000000000010000000000001000000000000001000100001000000110
95,100000000000000000000000000000000100000000000000000000000000000000000000000000000
704,100000000000000000000000000000000100000000000000000000000000000000000000000000001
708,100000000000000000000000000000000100000000000000000000000000000000000000000000010
709,100000000000000000000000000000000100000000000000000000000000000000000000000000011
706,100000000000000000000000000000000100000000000010000000000000010000000000001000000
144,100000000000000000000000000000000100000000000010000000000000010001000000000000000
839,100000000000000000000000000000000100000000000010000000000000010001000000000000100
670,100000000000000000000000000000000100000000000010000000000000010001000000010000000
154,100000000000000000000000000000000100000000000010000000000000010001000000010000100
656,100000000000000000000000000000000100000000000010000000000000010001000000010000101
180,100000000000000000000000000000000100000000000010000000000000010001000000011000000
578,100000000000000000000000000000000100000000000010000000000000010001000000011000001
882,100000000000000000000000000000000100000000000010000000000000010001000000011000010
192,100000000000000000000000000000000100000000000010000000000000010001000010000000000
548,100000000000000000000000000000000100000000000010000000000000010001000010000000010
549,100000000000000000000000000000000100000000000010000000000000010001000010000000011
516,100000000000000000000000000000000100000000000010000000000000010001000010000001100
701,1000000000000000000000000000000001000000000000000000000000000000000000000000000010
702,1000000000000000000000000000000001000000000000000000000000000000000000000000000011
859,1000000000000000000000000000000001000000000000000000000000000000000000000000000110
858,1000000000000000000000000000000001000000000000100000000000000100000000000010000000
842,1000000000000000000000000000000001000000000000100000000000000100010000000100000000
155,1000000000000000000000000000000001000000000000100000000000000100010000000100001000
641,1000000000000000000000000000000001000000000000100000000000000100010000000100001010
642,1000000000000000000000000000000001000000000000100000000000000100010000000100001011
181,1000000000000000000000000000000001000000000000100000000000000100010000000110000000
818,1000000000000000000000000000000001000000000000100000000000000100010000000110000010
825,1000000000000000000000000000000001000000000000100000000000000100010000000110000100
826,1000000000000000000000000000000001000000000000100000000000000100010000000110000101
193,1000000000000000000000000000000001000000000000100000000000000100010000100000000000
805,1000000000000000000000000000000001000000000000100000000000000100010000100000000001
551,1000000000000000000000000000000001000000000000100000000000000100010000100000000100
555,1000000000000000000000000000000001000000000000100000000000000100010000100000000101
156,10000000000000000000000000000000010000000000001000000000000001000100000001000010000
571,10000000000000000000000000000000010000000000001000000000000001000100000001100000100
580,10000000000000000000000000000000010000000000001000000000000001000100000001100001000
582,10000000000000000000000000000000010000000000001000000000000001000100000001100001010
194,10000000000000000000000000000000010000000000001000000000000001000100001000000000000
807,10000000000000000000000000000000010000000000001000000000000001000100001000000000001
542,10000000000000000000000000000000010000000000001000000000000001000100001000000000010
813,10000000000000000000000000000000010000000000001000000000000001000100001000000001000
812,10000000000000000000000000000000010000000000001000000000000001000100001000000001010
157,100000000000000000000000000000000100000000000010000000000000010001000000010000100000
681,100000000000000000000000000000000100000000000010000000000000010001000000010000100001
820,100000000000000000000000000000000100000000000010000000000000010001000000011000010000
821,100000000000000000000000000000000100000000000010000000000000010001000000011000010100
562,100000000000000000000000000000000100000000000010000000000000010001000010000000000000
552,100000000000000000000000000000000100000000000010000000000000010001000010000000000010
801,100000000000000000000000000000000100000000000010000000000000010001000010000000000100
564,100000000000000000000000000000000100000000000010000000000000010001000010000000010100
158,1000000000000000000000000000000001000000000000100000000000000100010000000100001000000
662,1000000000000000000000000000000001000000000000100000000000000100010000000100001000001
565,1000000000000000000000000000000001000000000000100000000000000100010000100000000000000
577,1000000000000000000000000000000001000000000000100000000000000100010000100000000000001
810,1000000000000000000000000000000001000000000000100000000000000100010000100000000000100
535,1000000000000000000000000000000001000000000000100000000000000100010000100000000001000
816,1000000000000000000000000000000001000000000000100000000000000100010000100000000101000
159,10000000000000000000000000000000010000000000001000000000000001000100000001000010000000
678,10000000000000000000000000000000010000000000001000000000000001000100000001000010000010
817,10000000000000000000000000000000010000000000001000000000000001000100001000000000000000
556,10000000000000000000000000000000010000000000001000000000000001000100001000000000001000
800,10000000000000000000000000000000010000000000001000000000000001000100001000000000010000
160,100000000000000000000000000000000100000000000010000000000000010001000000010000100000000
659,100000000000000000000000000000000100000000000010000000000000010001000000010000100000001
808,100000000000000000000000000000000100000000000010000000000000010001000010000000000010000
545,100000000000000000000000000000000100000000000010000000000000010001000010000000000100000
161,1000000000000000000000000000000001000000000000100000000000000100010000000100001000000000
167,1000000000000000000000000000000001000000000000100000000000000100010000000100001000000001
561,1000000000000000000000000000000001000000000000100000000000000100010000100000000000100000
162,10000000000000000000000000000000010000000000001000000000000001000100000001000010000000000
683,10000000000000000000000000000000010000000000001000000000000001000100000001000010000000001
168,10000000000000000000000000000000010000000000001000000000000001000100000001000010000000010
630,10000000000000000000000000000000010000000000001000000000000001000100000001000010000000011
163,100000000000000000000000000000000100000000000010000000000000010001000000010000100000000000
672,100000000000000000000000000000000100000000000010000000000000010001000000010000100000000001
169,100000000000000000000000000000000100000000000010000000000000010001000000010000100000000100
607,100000000000000000000000000000000100000000000010000000000000010001000000010000100000000101
833,100000000000000000000000000000000100000000000010000000000000010001000000010000100000000110
164,1000000000000000000000000000000001000000000000100000000000000100010000000100001000000000000
170,1000000000000000000000000000000001000000000000100000000000000100010000000100001000000001000
604,1000000000000000000000000000000001000000000000100000000000000100010000000100001000000001001
608,1000000000000000000000000000000001000000000000100000000000000100010000000100001000000001100
165,10000000000000000000000000000000010000000000001000000000000001000100000001000010000000000000
171,10000000000000000000000000000000010000000000001000000000000001000100000001000010000000010000
614,10000000000000000000000000000000010000000000001000000000000001000100000001000010000000010001
824,10000000000000000000000000000000010000000000001000000000000001000100000001000010000000010010
605,10000000000000000000000000000000010000000000001000000000000001000100000001000010000000011000
606,10000000000000000000000000000000010000000000001000000000000001000100000001000010000000011001
166,100000000000000000000000000000000100000000000010000000000000010001000000010000100000000000000
172,100000000000000000000000000000000100000000000010000000000000010001000000010000100000000100000
592,100000000000000000000000000000000100000000000010000000000000010001000000010000100000000100001
832,100000000000000000000000000000000100000000000010000000000000010001000000010000100000000110000
648,1000000000000000000000000000000001000000000000100000000000000100010000000100001000000000000000
173,1000000000000000000000000000000001000000000000100000000000000100010000000100001000000001000000
613,1000000000000000000000000000000001000000000000100000000000000100010000000100001000000001000001
827,1000000000000000000000000000000001000000000000100000000000000100010000000100001000000001000010
585,10000000000000000000000000000000010000000000001000000000000001000100000001000010000000010000100
